image_00000 178 263 238 301
image_00001 177 263 238 299
image_00002 173 254 249 303
image_00003 180 255 243 298
image_00004 176 255 247 301
image_00005 169 254 241 299
image_00006 163 252 240 302
image_00007 163 254 243 298
image_00008 168 251 239 302
image_00009 167 254 238 299
image_00010 165 252 239 303
image_00011 167 250 236 303
image_00012 165 254 242 303
image_00013 165 255 243 302
image_00014 166 257 242 304
image_00015 164 255 238 300
image_00016 167 253 251 303
image_00017 165 236 260 297
image_00018 157 242 268 304
image_00019 163 244 273 301
image_00020 168 246 269 306
image_00021 165 245 273 305
image_00022 169 244 268 305
image_00023 168 243 274 306
image_00024 168 242 270 305
image_00025 167 246 281 304
image_00026 162 245 275 302
image_00027 167 242 273 313
image_00028 160 243 270 305
image_00029 161 244 268 307
image_00030 161 242 279 303
image_00031 161 240 277 304
image_00032 208 239 283 309
image_00033 210 242 275 310
image_00034 218 237 275 310
image_00035 213 246 271 309
image_00036 219 233 288 308
image_00037 214 242 293 306
image_00038 217 247 297 307
image_00039 217 244 288 309
image_00040 218 246 290 307
image_00041 219 244 289 310
image_00042 212 247 292 307
image_00043 213 237 297 303
image_00044 220 239 299 303
image_00045 226 236 301 277
image_00046 232 236 298 273
image_00047 237 236 293 275
image_00048 238 233 297 274
image_00049 243 235 299 270
image_00050 247 239 297 269
image_00051 245 233 293 270
image_00052 251 236 297 271
image_00053 249 236 298 267
image_00054 247 232 294 269
image_00055 240 231 296 266
image_00056 247 236 292 265
image_00057 249 235 294 267
image_00058 251 235 288 264
image_00059 255 236 289 266
image_00060 250 239 291 263
image_00061 248 235 288 261
image_00062 255 234 283 261
image_00063 249 236 284 261
